de731d4ac7341e15c58e834f0b160845.obj: 224.08747792243958 | passing: 0 | failed: 2000 | time: [2026-02-13] [21:14:37]
de731d4ac7341e15c58e834f0b160845.obj: 99.39631962776184 | passing: 0 | failed: 2000 | time: [2026-02-13] [21:18:13]
e8cd2c495f1a33cdd068168ae86ef29a.obj: 214.25730848312378 | passing: 0 | failed: 2000 | time: [2026-02-13] [21:21:47]
de731d4ac7341e15c58e834f0b160845.obj: 88.68912887573242 | passing: 1252 | failed: 2000 | time: [2026-02-13] [21:43:15]
bench.obj: 645.7177140712738 | passing: 2000 | failed: 2000 | time: [2026-02-13] [22:02:12]
